<simulation threading='False'>
   <prng>
      <seed>18885</seed>
      <state shape='(624)'>
       [ 193477717, 3278384930, 2601173308, 3145208630, 3609387537, 
         1660017818, 4278256747, 2257428356, 451429981, 3729119293, 
         2226526400, 562829948, 1306224766, 2335646262, 4140062249, 
         1940367437, 2868774127, 1752957027, 2541138557, 2064409498, 
         1814154437, 1370748572, 3769080768, 3941019065, 4161288025, 
         4065794845, 2470188306, 3774207525, 2494193835, 1286451455, 
         4186927130, 2935261880, 1133305258, 1182694786, 2038697926, 
         1188515281, 686452494, 2149313815, 2728097718, 2814790521, 
         1060664136, 2872654848, 3428304313, 1799367191, 2118335788, 
         895581828, 2528612338, 412659548, 1274809495, 2233244986, 
         957944924, 3176722404, 1109235245, 2110904004, 278466002, 
         3054814725, 1301093528, 4130719392, 1131753207, 1698110388, 
         2728096535, 1933575119, 4161535936, 4238857576, 1493376590, 
         3164995689, 2301633462, 1407392667, 2957793619, 4115477236, 
         1973801429, 192726632, 194235274, 1377486826, 596767477, 
         3131645628, 3905906521, 1874858774, 2679464423, 3001870015, 
         1265655005, 3470390219, 751298824, 305711523, 2667074410, 
         3002072342, 2964044078, 4077827761, 2833007169, 881520473, 
         3617524051, 584184160, 2531614532, 3117603361, 2543536945, 
         3732554922, 3095167244, 1541489116, 3828400508, 1241857123, 
         4059339919, 2281905500, 3593762756, 4125447949, 362807473, 
         3584591984, 4253188353, 1734708530, 3306779249, 2838501554, 
         3116566635, 4168664582, 1162290068, 1131852888, 3841294036, 
         504417012, 1607821378, 815063196, 3946102488, 390990263, 
         3273743902, 819286267, 3578976342, 820500214, 1822543985, 
         2511156132, 404928799, 463512123, 3904279343, 2176931115, 
         3260991699, 3124989082, 2667548511, 4206189562, 2077688108, 
         671810489, 1167395199, 1479076310, 2148367712, 917135793, 
         2080667301, 3724787132, 2834619894, 3519019538, 417949529, 
         1192869583, 3645898128, 1208426317, 1922317516, 1789954347, 
         735298628, 2379332768, 2696752620, 2904073115, 1248604831, 
         3832157412, 881948808, 1031072788, 3307452336, 2983979978, 
         355907942, 2906200614, 1276026232, 1766360233, 993895349, 
         2544664365, 1672883903, 3540108187, 1639236982, 3810788710, 
         3682509499, 95041971, 16969916, 453252009, 2303276031, 
         1953033688, 751239954, 1601535252, 3043944014, 784819468, 
         4751078, 2203114723, 4029632460, 3254105015, 929446272, 
         3780380720, 3921903976, 2412881927, 3832940429, 3556196700, 
         2890733862, 1446281406, 2059175105, 1179198687, 1828461245, 
         339558942, 2147924720, 158810978, 3664176827, 682707177, 
         116909515, 3891192460, 3541790208, 3684945465, 2334194065, 
         3111905023, 423365115, 2710261496, 703080757, 3619546661, 
         3341465195, 2940291178, 2943654782, 303134000, 1751008256, 
         2124320946, 2748999078, 1584036429, 3603861366, 106006556, 
         1285961668, 1096540156, 1823901420, 1684841033, 1556862044, 
         1128517807, 171490802, 3809089859, 749072969, 1463954201, 
         142945740, 4128181456, 3632154093, 1589855071, 636970865, 
         2867790247, 825435048, 2742308989, 499350071, 123829340, 
         3066769663, 4282378670, 4273924429, 1124036212, 297583128, 
         3361308415, 2769221611, 3588470612, 2572434218, 3325712149, 
         2218427606, 1031919209, 1720523878, 2120437238, 2664950447, 
         127915338, 3456871134, 407704139, 397577143, 890954970, 
         2772017481, 1465913154, 2881218739, 258595350, 571564194, 
         4115461895, 1663375426, 3318961402, 1959776282, 514272525, 
         4142523593, 2179777564, 1576284853, 877990640, 2586760364, 
         1128765673, 2410296259, 79072093, 4126493090, 1481755281, 
         2114133477, 1200724413, 4178437236, 3033181391, 1861001027, 
         1649906401, 171791489, 243914658, 3967458869, 4001631304, 
         3614206662, 2298354357, 726349837, 3363435668, 3585128806, 
         964439111, 4215989536, 1720627243, 1603781517, 2776294263, 
         3604350803, 395353498, 1463882781, 3088105378, 1566420533, 
         2634965101, 2071873687, 2105283792, 1006912800, 976747257, 
         235056081, 328612286, 46353611, 3708532381, 853907279, 
         604631054, 537587446, 4204043320, 3291334829, 1980570064, 
         1923044480, 1973113992, 246660393, 1018450584, 3197834340, 
         900893135, 1842244091, 2252042235, 139726444, 3561880029, 
         4250416698, 807200052, 1791250629, 693077860, 1801320024, 
         2229181644, 150979189, 617949730, 3943299979, 2449353667, 
         2853244087, 1074254699, 456073256, 2290448636, 3246048766, 
         3994480510, 1189865398, 3274075041, 3470801377, 434926691, 
         2877017390, 3124067079, 4050105390, 2146872117, 3187969327, 
         1791779434, 1672505938, 3031562411, 3235500899, 8921635, 
         2781482325, 3641870439, 2116896576, 1010316806, 2303283484, 
         2973158403, 1929789952, 4284190651, 3912398823, 3597267121, 
         1454267343, 3832904696, 1699691175, 1796948533, 1238871170, 
         973739036, 3385889603, 1455563227, 2335119552, 3605006939, 
         1933504707, 697645105, 967328607, 3587428212, 2324759941, 
         28890266, 3375423201, 1180520135, 2311231856, 2344965768, 
         1451579918, 2195362185, 631697022, 959680587, 2373149380, 
         1302434595, 2952982760, 3539462385, 674036167, 581103021, 
         3166811038, 611963971, 1031057592, 386326577, 3870649195, 
         2154425654, 2642324535, 2716973838, 2773343526, 589221228, 
         1688392033, 3147389487, 3533608721, 1224838256, 2016446934, 
         258890391, 259152534, 3026340974, 3296995841, 808589874, 
         2898192436, 2093437423, 4272007254, 2662666736, 1227613022, 
         260645762, 3950789822, 3874832951, 3907472050, 2451706756, 
         125041290, 1084090383, 755814096, 1954011843, 2866812706, 
         4034406974, 123925130, 2610836263, 101023386, 2172076968, 
         3474019678, 2318819299, 2729418601, 3191282583, 190361539, 
         497528817, 3819606091, 2137960072, 1219812263, 3580345857, 
         2133298900, 632813484, 132784335, 3808051615, 1776812858, 
         872147102, 1704653211, 2656897208, 910115901, 1505847887, 
         3900163586, 1980564661, 841252643, 4114335518, 498778132, 
         3140004042, 776548130, 2734101001, 3812901155, 679565386, 
         1912042659, 3369635251, 39289918, 3184470441, 3913503327, 
         2313653326, 3972182936, 1589888587, 389140222, 1055035943, 
         3071731598, 56740171, 2527895379, 2898515669, 4273960786, 
         1063657163, 2312162498, 2807097686, 1026854153, 757882587, 
         3682413533, 4234484225, 1071547030, 1694720347, 1351655660, 
         327657596, 3606587763, 4118581527, 2071715622, 631697310, 
         425863247, 470327148, 3210655166, 2543292542, 3209175484, 
         2054579893, 954483149, 484283486, 1787598511, 1149850105, 
         438579317, 2295523722, 282210592, 3982610690, 4254761006, 
         3412634185, 2695648708, 2032027382, 2056708376, 83243285, 
         3880040596, 2544326815, 1375860873, 1960216833, 4226812576, 
         499792457, 4056629845, 2870741627, 3703396387, 2621632682, 
         3615101284, 2032801817, 4244748359, 4232686231, 4175014321, 
         1716025777, 2315368256, 3555523831, 4275021974, 1812312739, 
         366850847, 3901989307, 1952182882, 1087495737, 1865210197, 
         661827089, 321659742, 246325241, 855981482, 2818979441, 
         1230514378, 763279956, 3514795357, 2079008399, 3413894952, 
         1957364106, 3373103254, 744633768, 1957382617, 1147240811, 
         710584599, 2363989221, 68347210, 2811673207, 3852189892, 
         3654677706, 2828260483, 3598250174, 2502645854, 3839559865, 
         2874706001, 3560442932, 994958365, 4039825988, 2223461319, 
         1800968553, 3314146589, 563480745, 1610444122, 628133944, 
         3942201993, 2232018203, 2559849210, 1443466856, 3655076209, 
         4203675683, 747795117, 266004811, 2608147233, 3927407620, 
         2292541954, 572483320, 935155761, 3306569903, 928808951, 
         2886767273, 2688798628, 3306033934, 4148852027, 438077369, 
         2842024435, 1062507004, 776743467, 3859072882, 979511049, 
         2645547777, 1348679767, 1528471286, 3376386464, 1372054497, 
         1179351012, 2151033004, 1646592787, 802247106, 1922407899, 
         3688860093, 214406965, 691876165, 3706145120, 3083614117, 
         2674161977, 1300986085, 2304013889, 751722013 ]
      </state>
      <set_pos>580</set_pos>
   </prng>
   <output prefix='data'>
      <trajectory filename='pos' stride='100' cell_units='angstrom'>positions{angstrom}</trajectory>
      <properties shape='(7)' stride='100'>
       [ step, time{femtosecond}, conserved, temperature{kelvin}, kinetic_cv, 
         potential, virial_fq ]
      </properties>
   </output>
   <step>803</step>
   <total_steps>1000000</total_steps>
   <ffsocket mode='unix' name='driver'>
   </ffsocket>
   <system>
      <forces>
         <force forcefield='driver'>
         </force>
      </forces>
      <ensemble>
         <temperature>  5.51025845e-05</temperature>
         <hamiltonian_weights shape='(1)'> [   1.00000000e+00 ] </hamiltonian_weights>
         <time>  3.31971225e+04</time>
      </ensemble>
      <motion mode='dynamics'>
         <fixcom>False</fixcom>
         <dynamics mode='nvt'>
            <thermostat mode='pile_l'>
               <ethermo> -1.55696193e-01</ethermo>
               <tau>  4.13413730e+03</tau>
            </thermostat>
            <timestep>  4.13413730e+01</timestep>
            <nmts shape='(1)'> [ 1 ] </nmts>
         </dynamics>
      </motion>
      <beads natoms='3' nbeads='32'>
         <q shape='(32, 9)'>
          [   5.03148425e+01,   4.86209931e+01,   1.67272240e+01,  -5.28371732e+01,  -1.85419777e-02, 
              4.79775862e+01,  -2.87046584e+01,   6.06006819e+01,   1.03625750e+02,   7.05546257e+01, 
              5.46413528e+01,   3.81010762e+00,  -2.45493606e+01,   4.91038106e+00,   4.69789576e+01, 
             -4.81470850e+01,   8.16867127e+01,   8.49766836e+01,   2.53652175e+01,   6.49866879e+01, 
             -3.54323857e+01,  -2.97217326e+01,   7.64069327e+00,   3.82594874e+01,  -6.14625110e+01, 
              7.78870251e+01,   8.52394218e+01,   6.07484560e+00,   4.77198560e+01,  -7.78004065e+01, 
             -3.51293164e+01,   1.72686387e+01,   2.12661445e+01,  -8.62247105e+01,   7.41938260e+01, 
              9.99511797e+01,  -5.58850798e+00,   3.01812245e+01,  -1.02156420e+02,  -2.97725617e+01, 
              1.94456657e+01,  -6.23505030e+00,  -9.48257123e+01,   7.20404092e+01,   1.12173104e+02, 
             -4.05973535e+01,   5.29459585e+00,  -8.03116780e+01,  -4.02220503e+01,   6.43448950e+01, 
             -1.43435949e+01,  -9.80000826e+01,   4.89758359e+01,   1.16895614e+02,  -4.44588557e+01, 
              4.32817543e+01,  -7.73578940e+01,   1.87400174e+01,   8.49864322e+01,  -1.37865717e+01, 
             -1.71059051e+02,   3.35329789e+01,   1.21793167e+02,  -7.58601360e+01,   4.95698868e+01, 
             -9.59341027e+01,   4.74551698e+01,   1.23550362e+02,   9.42907102e+00,  -1.32156233e+02, 
              3.94099155e+01,   1.49726547e+02,  -8.41131365e+01,   5.14997454e+01,  -7.47852596e+01, 
              5.16007878e+01,   9.82583998e+01,   4.77659238e+01,  -1.26211550e+02,   2.84452189e+01, 
              1.58930680e+02,  -6.70689750e+01,   6.08478016e+01,  -6.38154137e+01,   3.21806058e+01, 
              1.21488399e+02,   3.75282578e+01,  -1.39230739e+02,   2.98536772e+01,   1.39549759e+02, 
             -6.71031692e+01,   7.07244339e+01,  -2.15338906e+01,   6.82298939e+00,   9.83974611e+01, 
              1.12180967e+01,  -1.15839584e+02,   3.36420092e+01,   1.11877731e+02,  -5.33361462e+01, 
              4.45190860e+01,  -1.36799337e+01,   1.93230632e+01,   9.05835989e+01,  -7.89238252e+00, 
             -7.40247946e+01,   3.06681629e+01,   9.06990522e+01,  -1.80879496e+01,   1.49435864e+01, 
             -8.41700547e-01,  -2.02032424e+01,   6.60887089e+01,  -2.39932187e+01,  -6.33477851e+01, 
              3.97280781e+01,   5.55028810e+01,  -1.37480121e+01,   1.45110628e+01,  -1.86692743e+01, 
             -3.59005232e+01,   8.66406073e+01,  -3.05955734e+01,  -6.80352163e+01,   2.00434891e+01, 
              9.14719953e+01,  -1.92013988e+01,   5.42113511e+01,   2.37580470e+01,   6.44915272e+00, 
              9.36718396e+01,  -7.93052469e+00,  -7.23500205e+01,  -2.19967281e+00,   7.65058139e+01, 
              4.86503248e+00,   3.74708607e+01,   1.07059992e+01,   2.45000345e+01,   8.65810727e+01, 
              1.81529389e+01,  -6.09357286e+01,  -5.18139957e+01,   8.08993752e+01,   2.21618630e+01, 
              4.00903291e+01,  -1.50407252e+01,   3.94278436e+01,   7.39966304e+01,   2.54543600e+01, 
             -1.10768289e+02,  -5.36817968e+01,   1.29245568e+02,  -4.80143983e+00,   2.42334879e+01, 
             -9.71657438e+00,   5.91732508e+01,   4.95744903e+01,   1.43230577e+01,  -1.11344436e+02, 
             -7.65544940e+01,   1.61735028e+02,   9.49120226e-01,   1.78141036e+01,  -3.51647285e+00, 
              7.33312148e+01,   6.32025396e+01,   2.73877907e+01,  -8.04376650e+01,  -3.96307024e+01, 
              1.80769396e+02,  -1.66301375e+01,   1.28094413e+01,  -1.07917998e+01,   9.31467455e+01, 
              4.53521631e+01,   2.11570975e+00,  -5.33610147e+01,  -5.76211675e+01,   1.66053317e+02, 
             -2.54440600e+00,   8.52819922e+00,  -1.64958670e+01,   1.02281720e+02,   1.42010629e+01, 
             -1.92518673e+00,  -6.30154614e+01,  -6.86801024e+01,   1.58906851e+02,   2.26554553e+01, 
              1.74607369e+01,  -2.90754506e+01,   1.02017230e+02,   5.99789165e+01,   8.20774221e+00, 
             -6.93935448e+01,  -4.29432744e+01,   1.74194111e+02,   4.92275898e+01,   1.49504128e+01, 
              7.45257952e+00,   9.83713266e+01,   3.85929265e+01,   1.44537820e+01,  -6.81710733e+01, 
             -4.87538993e+01,   1.48378329e+02,   5.72009448e+01,  -2.26422506e+01,  -2.48468533e+01, 
              9.48797425e+01,   3.04009572e+01,   2.50038555e+01,  -7.95491612e+01,  -3.20510208e+01, 
              1.28660343e+02,   8.85645526e+01,   6.54438990e+00,  -2.10003496e+01,   5.60197509e+01, 
              3.17099180e+01,   3.97365189e+01,  -1.11260410e+02,  -2.22261225e+01,   7.05266328e+01, 
              7.80073284e+01,   2.23858844e+01,  -3.19614931e+01,   5.61282204e+01,   2.39414309e+01, 
              5.90131750e+01,  -7.54948733e+01,   3.30822578e+01,   9.17239831e+01,   1.04786667e+02, 
              2.58048604e+01,  -1.16101752e+01,   5.07890075e+01,   1.84056181e+01,   6.08037959e+01, 
             -8.46431821e+01,   3.46682242e+00,   1.14313600e+02,   1.22038266e+02,   1.80477395e+01, 
             -6.58446277e+01,   7.14536673e+00,   8.26207126e+00,   1.02876801e+02,  -9.34649672e+01, 
             -3.05385553e+00,   1.15887652e+02,   1.34819535e+02,   4.88403479e+01,  -3.77049671e+01, 
             -3.74009290e+01,   1.17509181e+01,   1.12216400e+02,  -1.05146400e+02,  -2.84320607e+01, 
              1.19455111e+02,   1.18778107e+02,   2.93973581e+01,  -1.44716443e+01,  -3.32045087e+01, 
              5.64878524e+00,   9.28738295e+01,  -8.95413829e+01,  -3.41829193e+01,   1.21253727e+02, 
              6.58478032e+01,   3.07134656e+01,  -5.55258209e+01,  -2.04850610e+01,   5.84197546e+01, 
              6.09452725e+01,  -6.93875554e+01,  -4.36022718e+01,   8.94515695e+01,   5.44657552e+01, 
              4.13801756e+01,  -2.19188834e+01,  -1.89294691e+01,   7.02085836e+01,   7.74481392e+01, 
             -8.28066811e+01,  -3.80615150e+01,   4.60695638e+01 ]
         </q>
         <p shape='(32, 9)'>
          [  -7.19657967e-02,  -2.81212344e-03,  -5.52421367e-02,   6.46589260e-03,   4.54451878e-02, 
              1.12439982e-01,  -1.56449371e-02,   2.29358646e-02,   9.79615979e-02,  -3.18358512e-02, 
              3.23067289e-02,  -5.19524758e-02,   9.50400872e-03,   1.68058440e-02,  -6.00575749e-02, 
              2.03756112e-02,   1.68425304e-02,   2.51588962e-02,   5.88360768e-02,  -1.71468962e-02, 
              7.54382042e-02,  -2.84364531e-02,  -5.90281696e-02,   1.41298711e-02,   7.50653831e-03, 
             -1.33506339e-02,  -3.04202973e-02,  -1.80219803e-03,   2.87918183e-02,  -8.31194167e-03, 
             -2.41656716e-02,  -5.89230908e-02,  -5.28752112e-02,  -3.25669151e-03,   8.77035836e-02, 
              8.00687625e-04,   5.26121868e-02,   1.25304518e-02,  -7.36057444e-02,   8.50549663e-02, 
              4.43468653e-03,  -3.04322203e-03,   2.49212501e-02,   6.84655478e-02,   2.35914056e-02, 
              5.36159035e-02,   1.01259533e-02,   4.68990833e-02,   2.07082062e-02,   5.20659045e-02, 
              6.97375680e-03,  -6.30011383e-02,   4.74184161e-03,  -5.24627997e-02,  -3.88248542e-02, 
              1.17624974e-02,   1.12459297e-01,   6.42000591e-04,   3.75718920e-03,   2.52324650e-02, 
             -4.71414724e-02,  -5.46765724e-02,   6.34540437e-02,   5.68020332e-02,   2.37378902e-02, 
             -2.96619106e-02,  -7.26573509e-02,  -4.88856910e-03,  -3.82651875e-02,  -1.50995294e-02, 
             -1.89210754e-02,   3.89118217e-02,   1.66083685e-02,  -3.36337904e-02,  -3.40729528e-02, 
              1.99683981e-02,  -2.83172895e-02,  -2.41187787e-02,   2.04685707e-02,   9.85659278e-03, 
              1.48571701e-02,   5.72967474e-02,  -2.47361655e-02,  -3.76065360e-03,   8.68734801e-04, 
             -5.82041766e-03,  -4.06711667e-02,   9.34594244e-03,   4.24823702e-02,   7.21028933e-03, 
              1.54619753e-02,  -3.84524409e-02,   3.52104964e-02,   2.52941142e-02,   4.74640300e-02, 
             -5.91016378e-03,   3.68749265e-02,  -2.40697377e-02,   9.32973117e-03,   7.28518997e-02, 
              5.09884806e-03,   1.22228311e-02,   1.51294921e-02,   4.56427849e-02,  -1.48502233e-02, 
              1.47478867e-02,   8.96233615e-02,  -1.91607315e-02,   1.21329666e-02,  -5.11991008e-02, 
             -7.29115333e-02,  -2.96795600e-02,  -1.70733174e-02,   1.29753244e-03,  -4.46451461e-02, 
              5.09423708e-02,   4.61836895e-02,   3.53308607e-02,  -3.55418741e-02,   1.35406566e-02, 
              4.02152609e-02,  -1.01497091e-02,   5.10466042e-02,  -6.06165527e-02,   3.50514565e-02, 
             -3.57595672e-02,   6.08140890e-02,  -5.90080633e-02,  -4.41215923e-02,  -8.73645939e-03, 
              2.29164945e-02,   3.47337674e-02,  -2.93280549e-02,   7.77716940e-02,   8.40328771e-03, 
             -4.11162367e-02,  -4.29633261e-02,   9.10235243e-03,   1.84433135e-02,  -3.06331146e-02, 
              4.68872845e-02,  -7.00982367e-03,  -4.96550047e-03,   1.37257619e-02,  -5.90164027e-02, 
              8.52280180e-02,  -1.04764184e-01,   7.66620907e-02,  -8.06360894e-02,  -2.11456102e-02, 
              4.01265018e-02,  -2.75205185e-02,   3.45239031e-03,  -2.70715117e-03,   1.79397446e-02, 
             -3.45243791e-02,  -5.44130812e-02,   3.51301646e-02,  -1.31943085e-01,   1.09479549e-02, 
             -2.52544279e-02,  -5.74293840e-02,  -4.18189921e-02,  -1.66137875e-02,   1.49531736e-02, 
             -7.53304311e-02,   4.18894624e-02,  -5.59400122e-02,  -9.42862570e-02,  -8.89748407e-02, 
             -5.09349319e-02,  -2.20176596e-02,  -4.67831166e-02,  -2.63724413e-02,   6.04946168e-02, 
             -4.94400930e-02,   1.46418615e-02,   8.11112860e-02,  -1.21778765e-04,   5.19753770e-02, 
              4.49107961e-02,   1.96905683e-02,   2.92900200e-03,  -3.84145302e-03,   1.76496731e-02, 
              1.12539146e-02,  -9.23108949e-03,   6.43856955e-02,  -6.35749524e-03,  -2.80412826e-02, 
              7.40332423e-02,  -8.07668662e-03,   4.69690163e-02,  -8.53876867e-03,   3.91346641e-02, 
              2.85032896e-02,  -4.79704918e-02,   2.85589369e-02,   2.41197764e-03,   6.05571102e-02, 
             -6.53420003e-03,  -4.19148575e-02,  -6.00251943e-02,   4.60545739e-03,  -8.85334990e-02, 
              1.64409658e-02,   1.42796973e-02,   1.86468462e-02,  -2.89402658e-03,  -4.43527056e-02, 
              2.19815174e-02,  -3.27055194e-02,   4.38401517e-02,   1.42395151e-02,   1.34817380e-02, 
              4.79505123e-02,   1.10758994e-02,   3.34766551e-02,  -4.33087075e-02,   1.02505894e-01, 
              1.83681712e-02,  -8.30556070e-03,   8.77739416e-02,  -4.40297824e-02,   7.19366446e-02, 
             -8.89084535e-02,   9.68580754e-03,  -2.73348239e-02,  -8.65039914e-03,   1.72262346e-02, 
              2.85743172e-02,  -1.67727145e-02,  -4.19846500e-03,   5.19184053e-02,  -3.27139296e-03, 
              6.94828999e-02,   3.39167657e-02,  -4.27229590e-02,  -4.47590402e-02,  -1.07950562e-01, 
             -2.51693609e-02,  -3.56180191e-02,  -4.82306078e-02,   5.48242046e-03,   2.12723657e-02, 
             -1.55050112e-03,  -5.00613759e-02,  -8.61767164e-03,   1.31203583e-02,   4.55116854e-02, 
             -7.63039449e-02,   7.09048514e-02,   6.31796815e-02,  -7.36785145e-02,   1.82092647e-02, 
              3.39836676e-02,   9.00370456e-02,   5.97779113e-02,   3.68491542e-02,   1.69068076e-03, 
              2.90447478e-02,   4.05536808e-02,  -2.96543909e-02,   1.12555947e-02,  -6.63128893e-03, 
              2.39801757e-02,   9.62458061e-03,  -1.22568859e-02,  -4.38704971e-02,  -4.99898379e-02, 
              2.18075923e-02,  -5.91218655e-02,  -1.47812249e-02,  -1.28380164e-02,  -5.36344231e-02, 
              7.23697408e-02,  -2.29742303e-02,   8.61456765e-02,   5.43094675e-02,   5.97903437e-02, 
             -1.07067562e-04,   7.66054940e-02,  -4.21115888e-02,   5.19690913e-03,  -1.68270909e-02, 
              4.96396622e-03,   1.01070170e-01,   2.63086361e-02 ]
         </p>
         <m shape='(3)'> [   1.00000000e+00,   1.00000000e+00,   1.00000000e+00 ] </m>
         <names shape='(3)'> [ E, E, E ] </names>
      </beads>
      <normal_modes propagator='bab'>
         <bosons shape='(3)'> [ 0, 1, 2 ] </bosons>
      </normal_modes>
      <cell shape='(3, 3)'>
       [   2.50000000e+03,   0.00000000e+00,   0.00000000e+00,   0.00000000e+00,   2.50000000e+03, 
           0.00000000e+00,   0.00000000e+00,   0.00000000e+00,   2.50000000e+03 ]
      </cell>
   </system>
</simulation>
